2
4
M 3
V 20
A 1
N 10
49
7
4
49
6
3
86
1
86
2
99
86
1
86
2
99
86
1
86
2
99
86
1
86
2
99
86
1
86
2
99
86
1
86
2
99
105
10
4
108
9
3
99
99
99
99
99
99
99
99
99
99
99
99
99
99
99
99
99
99
99
99
99
99
99
99
99
99
99
99
99
99
99
99
99
99
99
99
78
2
99
99
99
99
99
99
99
99
99
99
99
99
99
78
2
99
99
99
99
99
99
99
99
99
99
99
99
99
99
99
99
99
99
99
99
99
99
99
86
2
99
99
99
99
99
99
99
99
99
99
99
99
99
99
99
99
99
78
2
99
99
99
99
99
99
99
99
99
99
99
99
99
99
78
2
99
99
99
99
99
99
99
99
99
99
99
99
99
77
2
99
99
99
99
99
99
99
99
99
77
2
99
99
99
99
99
99
77
2
99
99
99
99
99
99
99
99
99
108
7
2
86
2
99
86
2
99
86
2
99
86
2
99
86
2
99
86
2
99
86
2
99
99
99
99
99
99
99
99
99
99
99
99
99
99
99
99
99
78
2
99
78
2
99
78
2
99
78
2
99
78
2
99
78
2
99
65
2
99
99
99
99
99
99
99
99
99
99
99
99
99
99
99
99
99
99
99
99
99
99
99
99
