2
2
A 50
N 10
108
2
4
105
16
4
65
2
99
65
2
99
65
2
99
99
65
2
99
99
65
2
99
99
65
2
99
65
2
99
99
65
2
99
99
65
2
99
99
99
99
65
2
99
99
99
78
1
99
99
78
2
99
99
99
99
99
99
99
99
99
99
99
99
99
99
99
99
99
99
99
99
99
99
99
99
99
99
65
2
99
99
99
99
99
99
99
99
99
99
99
99
99
99
99
99
99
99
99
99
99
99
78
2
99
99
99
99
99
99
99
99
99
99
99
99
99
99
99
99
99
99
99
99
99
99
33
5
2
65
2
99
65
2
99
65
2
99
65
2
99
65
2
99
65
2
99
65
2
99
65
2
99
65
2
99
65
2
99
65
2
99
108
9
2
65
2
99
99
99
99
99
65
2
99
65
2
99
65
2
99
65
2
99
99
65
2
99
65
2
99
65
2
99
65
2
99
65
2
99
65
2
99
99
65
2
99
99
65
2
99
99
65
2
99
99
65
2
99
99
99
99
99
99
99
99
99
99
99
99
99
99
99
99
99
99
99
99
99
99
99
99
99
99
99
99
78
2
99
78
2
99
78
2
99
99
99
99
99
99
99
99
99
99
99
99
99
99
99
99
99
99
99
99
99
99
99
99
99
105
1
2
